$ 1 3.472222222222222e-9 0.04168620196785084 48 5 50 5e-11
207 -16 1696 16 1696 4 y_1
207 -16 1600 16 1600 4 y_2
207 -16 1504 16 1504 4 y_3
207 -16 1408 16 1408 4 y_4
207 -16 1312 16 1312 4 y_5
207 -16 1216 16 1216 4 y_6
172 -176 960 -176 912 0 7 1.5179999999999998 3.3 0 0 0.5 Sensor Output (0 - 3.3V)
g -272 1856 -272 1888 0 0
r -272 1856 -272 1760 0 1000
w -208 1152 -240 1152 0
w -240 1152 -240 1120 0
r -272 1760 -272 1664 0 1000
r -272 1664 -272 1568 0 1000
r -272 1568 -272 1472 0 1000
r -272 1472 -272 1376 0 1000
r -272 1376 -272 1280 0 1000
r -272 1280 -272 1184 0 1000
w -272 1184 -208 1184 0
a -208 1168 -112 1168 9 5 0 1000000 2.8874999999999997 1.5179999999999998 100000
w -272 1280 -208 1280 0
w -208 1248 -240 1248 0
w -272 1376 -208 1376 0
w -208 1344 -240 1344 0
w -272 1472 -208 1472 0
w -208 1440 -240 1440 0
w -240 1152 -240 1248 0
w -240 1248 -240 1344 0
w -240 1344 -240 1440 0
w -208 1536 -240 1536 0
w -272 1568 -208 1568 0
w -208 1632 -240 1632 0
w -272 1664 -208 1664 0
w -208 1728 -240 1728 0
w -272 1760 -208 1760 0
w -240 1440 -240 1536 0
w -240 1536 -240 1632 0
w -240 1632 -240 1728 0
w -112 1584 -112 1552 0
w -112 1648 -112 1616 0
154 -112 1600 -16 1600 0 2 0 5
w -112 1680 -112 1648 0
w -112 1744 -112 1712 0
154 -112 1696 -16 1696 0 2 0 5
w -112 1488 -112 1456 0
w -112 1552 -112 1520 0
154 -112 1504 -16 1504 0 2 5 5
w -112 1392 -112 1360 0
w -112 1456 -112 1424 0
154 -112 1408 -16 1408 0 2 0 5
w -112 1296 -112 1264 0
w -112 1360 -112 1328 0
154 -112 1312 -16 1312 0 2 0 5
w -112 1200 -112 1168 0
w -112 1264 -112 1232 0
154 -112 1216 -16 1216 0 2 0 5
w -112 1104 -112 1072 0
w -112 1168 -112 1136 0
154 -112 1120 -16 1120 0 2 0 5
g -176 1072 -176 1104 0 0
w -112 1072 -176 1072 0
207 -112 1744 -64 1744 4 x_0
207 -112 1648 -64 1648 4 x_1
207 -112 1552 -64 1552 4 x_2
207 -112 1456 -64 1456 4 x_3
207 -112 1360 -64 1360 4 x_4
207 -112 1264 -64 1264 4 x_5
207 -112 1168 -64 1168 4 x_6
155 1568 1504 1600 1504 0 0
155 1680 1504 1712 1504 0 5
155 1792 1504 1824 1504 0 5
w 1680 1536 1680 1600 0
w 1680 1600 1568 1600 0
w 1568 1536 1568 1600 0
w 1792 1536 1792 1600 0
w 1792 1600 1680 1600 0
155 1792 1632 1824 1632 2048 0
155 1680 1632 1712 1632 2048 5
w 1792 1600 1792 1664 0
w 1680 1600 1680 1664 0
R 1568 1600 1520 1600 1 2 9000000 2.5 2.5 0 0.5
207 1888 1728 1936 1728 4 R_humid
207 1888 1760 1936 1760 4 R_dry
207 832 1200 880 1200 4 T_lower0
207 832 1184 880 1184 4 T_lower1
207 832 1168 880 1168 4 T_lower2
207 1040 1520 1152 1520 4 r_humid
207 1040 1744 1152 1744 4 r_dry
L 752 1520 720 1520 0 1 false 5 0
. Magnitude\sComparator\sBlock 0 2 2 4 A 6 0 0 B 3 1 0 P 1 1 2 R 5 1 3 MultiplexerElm\s1\s4\s2\s5\rXorGateElm\s6\s3\s2\rAndGateElm\s6\s2\s4 2048\s1\s0\s2\s0\s5\s0\s2\s0\s5
410 752 1488 832 1552 1 Magnitude\sComparator\sBlock 2048\s1 0\s2\s0\s5 0\s2\s0\s5
410 848 1488 928 1552 1 Magnitude\sComparator\sBlock 2048\s1 0\s2\s5\s5 0\s2\s5\s5
410 944 1488 1024 1552 1 Magnitude\sComparator\sBlock 2048\s1 0\s2\s5\s5 0\s2\s0\s5
w 752 1456 816 1456 0
w 752 1440 912 1440 0
w 912 1440 912 1456 0
w 752 1424 1008 1424 0
w 1008 1424 1008 1456 0
w 752 1392 784 1392 0
w 784 1392 784 1456 0
w 752 1376 880 1376 0
w 880 1376 880 1456 0
w 752 1360 976 1360 0
w 976 1360 976 1456 0
w 976 1584 976 1680 0
w 752 1584 976 1584 0
w 880 1600 880 1680 0
w 752 1600 880 1600 0
w 784 1616 784 1680 0
w 752 1616 784 1616 0
w 1008 1648 1008 1680 0
w 752 1648 1008 1648 0
w 912 1664 912 1680 0
w 752 1664 912 1664 0
w 752 1680 816 1680 0
207 752 1680 704 1680 4 H_0
207 752 1664 704 1664 4 H_1
207 752 1648 704 1648 4 H_2
207 752 1584 704 1584 4 T_lower2
207 752 1600 704 1600 4 T_lower1
207 752 1616 704 1616 4 T_lower0
L 752 1744 720 1744 0 0 false 5 0
410 944 1712 1024 1776 1 Magnitude\sComparator\sBlock 2048\s1 0\s2\s0\s5 0\s2\s0\s5
410 848 1712 928 1776 1 Magnitude\sComparator\sBlock 2048\s1 0\s2\s0\s5 0\s2\s0\s5
410 752 1712 832 1776 1 Magnitude\sComparator\sBlock 2048\s1 0\s2\s0\s5 0\s2\s0\s5
207 752 1424 704 1424 4 T_upper2
207 752 1440 704 1440 4 T_upper1
207 752 1456 704 1456 4 T_upper0
207 752 1392 704 1392 4 H_0
207 752 1376 704 1376 4 H_1
207 752 1360 704 1360 4 H_2
207 832 1136 880 1136 4 T_upper0
207 832 1120 880 1120 4 T_upper1
207 832 1104 880 1104 4 T_upper2
w 816 1184 832 1184 0
w 816 1200 816 1184 0
w 800 1168 832 1168 0
w 800 1200 800 1168 0
L 800 1200 800 1248 0 0 false 5 0
L 816 1200 816 1248 0 1 false 5 0
L 832 1200 832 1248 0 1 false 5 0
L 832 1104 832 1056 0 1 false 5 0
L 816 1104 816 1056 0 0 false 5 0
L 800 1104 800 1056 0 1 false 5 0
w 816 1104 816 1120 0
w 816 1120 832 1120 0
w 800 1104 800 1136 0
w 800 1136 832 1136 0
162 2304 1696 2304 1728 2 default-led 1 0 0 0.01
r 2304 1664 2304 1696 0 1000
r 2336 1664 2336 1696 0 1000
162 2336 1696 2336 1728 2 default-led 0 1 0 0.01
g 2304 1728 2304 1760 0 0
g 2336 1728 2336 1760 0 0
207 2304 1600 2256 1600 4 R_humid
207 2304 1616 2256 1616 4 R_normal
207 2304 1632 2256 1632 4 R_dry
w 2304 1632 2304 1664 0
g 2368 1728 2368 1760 0 0
162 2368 1696 2368 1728 2 default-led 0 0 1 0.01
r 2368 1664 2368 1696 0 1000
w 2304 1616 2336 1616 0
w 2336 1616 2336 1664 0
w 2304 1600 2368 1600 0
w 2368 1600 2368 1664 0
153 1040 1632 1104 1632 0 2 5 5
w 1040 1744 1040 1648 0
w 1040 1520 1040 1616 0
207 1104 1632 1152 1632 4 r_normal
155 1568 1632 1600 1632 2048 0
w 1568 1600 1568 1664 0
207 1888 1744 1936 1744 4 R_normal
207 1568 1744 1520 1744 4 r_normal
207 1568 1760 1520 1760 4 r_dry
207 1568 1728 1520 1728 4 r_humid
w 1568 1744 1680 1744 0
w 1680 1744 1680 1696 0
w 1776 1696 1776 1744 0
w 1776 1744 1888 1744 0
207 1568 1440 1520 1440 4 h_2
207 1568 1472 1520 1472 4 h_0
207 1568 1456 1520 1456 4 h_1
207 1888 1456 1936 1456 4 H_1
207 1888 1472 1936 1472 4 H_0
207 1888 1440 1936 1440 4 H_2
w 1568 1456 1680 1456 0
w 1680 1456 1680 1504 0
w 1776 1504 1776 1456 0
w 1776 1456 1888 1456 0
w 1888 1472 1888 1504 0
w 1792 1504 1792 1472 0
w 1792 1472 1568 1472 0
w 1888 1440 1664 1440 0
w 1664 1440 1664 1504 0
w 1568 1440 1568 1504 0
w 1888 1728 1888 1696 0
w 1792 1696 1792 1728 0
w 1792 1728 1568 1728 0
w 1888 1760 1664 1760 0
w 1664 1696 1664 1760 0
w 1568 1696 1568 1760 0
207 -176 960 -128 960 4 V_RH%
207 -240 1120 -240 1072 4 V_RH%
a -208 1264 -112 1264 9 5 0 1000000 2.4749999999999996 1.5179999999999998 100000
a -208 1360 -112 1360 9 5 0 1000000 2.0624999999999996 1.5179999999999998 100000
a -208 1456 -112 1456 9 5 0 1000000 1.6499999999999995 1.5179999999999998 100000
a -208 1552 -112 1552 9 5 0 1000000 1.2374999999999996 1.5179999999999998 100000
a -208 1648 -112 1648 9 5 0 1000000 0.8249999999999997 1.5179999999999998 100000
a -208 1744 -112 1744 9 5 0 1000000 0.41249999999999987 1.5179999999999998 100000
207 -16 1120 16 1120 4 y_7
. 8:3\sEncoder 1 6 8 10 I1 7 6 2 I2 6 5 2 I3 5 4 2 I4 4 3 2 I5 3 2 2 I6 2 1 2 I7 1 0 2 Y0 8 7 3 Y1 9 6 3 Y2 10 5 3 OrGateElm\s4\s3\s2\s1\s10\rOrGateElm\s6\s5\s2\s1\s9\rOrGateElm\s7\s5\s3\s1\s8 0\\s4\\s0\\s5\s0\\s4\\s0\\s5\s0\\s4\\s0\\s5
410 208 1504 320 1616 1 8:3\sEncoder 0\s4\s0\s5 0\s4\s5\s5 0\s4\s5\s5
207 208 1504 176 1504 4 y_7
207 208 1536 176 1536 4 y_6
207 208 1600 176 1600 4 y_4
207 208 1568 176 1568 4 y_5
207 208 1696 176 1696 4 y_1
207 208 1664 176 1664 4 y_2
207 208 1632 176 1632 4 y_3
207 432 1664 464 1664 4 h_2
207 432 1696 464 1696 4 h_1
207 432 1728 464 1728 4 h_0
x 48 1888 149 1891 4 48 ADC
x 1049 2179 1091 2182 4 24 \q\q>
410 1136 2160 1216 2224 1 Magnitude\sComparator\sBlock 2048\s1 0\s2\s0\s5 0\s2\s0\s5
207 896 2224 656 2224 4 P
207 992 2208 1024 2208 4 R
w 704 2192 800 2192 0
w 800 2144 800 2160 0
150 800 2176 896 2176 0 2 0 5
w 704 2160 704 2192 0
207 704 2160 656 2160 4 A
154 704 2144 800 2144 0 2 0 5
184 896 2144 1184 2144 2048 1
207 704 2128 656 2128 4 B
w 960 2112 800 2112 0
w 800 2112 800 2144 0
w 896 2208 896 2224 0
207 800 2112 800 2080 4 C
207 896 2176 896 2144 4 D
x 928 1121 1169 1124 4 24 5:\s62.5%\sRH\s(2.063\sV)
x 928 1200 1169 1203 4 24 3:\s37.5%\sRH\s(1.238\sV)
r -272 1184 -272 1088 0 1000
x -367 1199 -291 1202 4 24 2.888V
x -367 1295 -291 1298 4 24 2.475V
x -367 1391 -291 1394 4 24 2.063V
x -367 1487 -291 1490 4 24 1.650V
x -367 1583 -291 1586 4 24 1.238V
x -367 1679 -291 1682 4 24 0.825V
x -367 1775 -291 1778 4 24 0.413V
x -367 1871 -291 1874 4 24 0.000V
x -367 1103 -291 1106 4 24 3.300V
x -31 1167 99 1170 4 24 >\s87.5%\sRH
x -31 1263 79 1266 4 24 >\s75%\sRH
x -31 1359 99 1362 4 24 >\s62.5%\sRH
x -31 1455 79 1458 4 24 >\s50%\sRH
x -31 1551 99 1554 4 24 >\s37.5%\sRH
x -31 1647 79 1650 4 24 >\s25%\sRH
x -31 1743 99 1746 4 24 >\s12.5%\sRH
R -272 960 -272 912 0 0 40 3.3 0 0 0.5
207 -272 960 -224 960 4 V_ref
207 -272 1088 -272 1040 4 V_ref
x 690 1051 779 1054 4 24 T_upper
x 690 1259 775 1262 4 24 T_lower
x -175 1935 358 1938 4 24 maps\ssensor\soutput\sto\s12.5%\sRH\s(0.413\sV)\sblocks
x 753 1935 1133 1938 4 24 r_normal\sif\sT_lower\s<\q\sH\s<\sT_upper
x 800 1888 1077 1891 4 48 Comparators
x 1601 1935 1843 1938 4 24 Clock\srunning\sat\s9MHz
x 1552 1888 1898 1891 4 48 CLK\s\a\sFlip-flops
x 2465 1663 2952 1666 4 24 BLUE\s\q\stoo\shumid\s(over\supper\sthreshold\slimit)
x 2336 1888 2504 1891 4 48 Outputs
x 2465 1695 2908 1698 4 24 GREEN\s\q\snormal\s(within\sthreshold\srange)
x 2465 1727 2919 1730 4 24 RED\s\q\stoo\sdry\s(under\slower\sthreshold\slimit)
